58
222
197
192
142
127
57
45
292
131
82
90
87
293
273
11
224
74
207
61
81
259
36
294
69
5
284
108
42
143
46
176
152
270
261
100
281
236
234
156
53
83
231
44
174
33
111
229
283
288
235
216
163
112
32
8
198
18
187
226
159
149
115
157
140
80
120
190
40
54
245
109
252
225
114
257
166
125
21
70
133
272
151
118
251
219
136
158
68
63
217
27
233
126
67
278
167
86
76
95
20
65
265
51
48
148
138
204
99
62
9
59
50
172
279
175
274
122
242
250
35
31
178
102
110
286
189
38
263
182
72
214
160
243
275
221
17
249
194
128
203
64
104
212
195
170
155
169
181
14
107
290
2
85
168
248
228
19
267
134
199
60
37
297
98
78
77
96
186
132
141
30
287
184
227
280
47
123
220
23
209
94
34
215
268
29
101
299
84
10
205
202
266
210
206
93
75
43
146
180
103
239
24
211
130
154
164
289
137
6
73
173
49
91
253
162
121
161
276
298
247
240
106
188
26
12
244
3
66
71
124
139
41
153
269
238
296
147
97
208
150
13
264
52
92
218
291
262
15
213
237
165
282
55
300
232
171
135
196
119
1
88
145
28
260
179
185
16
271
89
255
230
183
256
277
191
0
25
254
177
246
56
105
116
201
117
7
241
129
258
200
113
39
4
193
295
22
285
79
144
223
